   111 -0.106600 0.046400 -0.060400 -0.019527 0.007024 -0.999785 -0.193938 -0.981009 -0.003176 -0.980820 0.193834 0.020518 0.995000
   112 -0.106600 0.046400 -0.060400 -0.193938 -0.981009 -0.003176 0.019527 -0.007024 0.999785 -0.980820 0.193834 0.020518 -0.004257
   113 -0.106600 0.046400 -0.060400 -0.019527 0.007024 -0.999785 -0.193938 -0.981009 -0.003176 -0.980820 0.193834 0.020518 -0.000245
   121 -0.102000 0.063100 -0.025600 -0.015114 0.009027 -0.999845 -0.250154 -0.968193 -0.004969 -0.968088 0.250039 0.016891 1.012701
   122 -0.102000 0.063100 -0.025600 -0.015114 0.009027 -0.999845 -0.250154 -0.968193 -0.004969 -0.968088 0.250039 0.016891 -0.006265
   123 -0.102000 0.063100 -0.025600 -0.250154 -0.968193 -0.004969 0.015114 -0.009027 0.999845 -0.968088 0.250039 0.016891 -0.007093
   131 -0.108500 0.030200 -0.026600 0.008466 0.001759 -0.999963 -0.088614 -0.996063 -0.002465 -0.996030 0.088631 -0.008277 0.997698
   132 -0.108500 0.030200 -0.026600 0.008466 0.001759 -0.999963 -0.088614 -0.996063 -0.002465 -0.996030 0.088631 -0.008277 -0.004620
   133 -0.108500 0.030200 -0.026600 -0.088614 -0.996063 -0.002465 -0.008466 -0.001759 0.999963 -0.996030 0.088631 -0.008277 0.000056
   141 -0.109900 0.013100 -0.062700 -0.023423 0.002077 -0.999723 -0.028611 -0.999590 -0.001467 -0.999316 0.028569 0.023473 0.977096
   142 -0.109900 0.013100 -0.062700 -0.028611 -0.999590 -0.001467 0.023423 -0.002077 0.999723 -0.999316 0.028569 0.023473 -0.001370
   143 -0.109900 0.013100 -0.062700 -0.023423 0.002077 -0.999723 -0.028611 -0.999590 -0.001467 -0.999316 0.028569 0.023473 0.000496
   211 -0.107400 0.032900 0.008000 -0.055421 0.008132 -0.998430 -0.102249 -0.994756 -0.002460 -0.993214 0.101952 0.055962 0.998822
   212 -0.107400 0.032900 0.008000 -0.102249 -0.994756 -0.002460 0.055421 -0.008132 0.998430 -0.993214 0.101952 0.055962 -0.006634
   213 -0.107400 0.032900 0.008000 -0.055421 0.008132 -0.998430 -0.102249 -0.994756 -0.002460 -0.993214 0.101952 0.055962 0.000343
   221 -0.098900 0.040300 0.041300 -0.339908 0.059261 -0.938590 -0.163602 -0.986522 -0.003026 -0.926119 0.152525 0.345021 1.003667
   222 -0.098900 0.040300 0.041300 -0.339908 0.059261 -0.938590 -0.163602 -0.986522 -0.003026 -0.926119 0.152525 0.345021 -0.003806
   223 -0.098900 0.040300 0.041300 -0.163602 -0.986522 -0.003026 0.339908 -0.059261 0.938590 -0.926119 0.152525 0.345021 -0.002607
   231 -0.101100 0.004400 0.040800 -0.350154 0.008788 -0.936651 0.035226 -0.999125 -0.022536 -0.936030 -0.040886 0.349538 1.010591
   232 -0.101100 0.004400 0.040800 -0.350154 0.008788 -0.936651 0.035226 -0.999125 -0.022536 -0.936030 -0.040886 0.349538 -0.002331
   233 -0.101100 0.004400 0.040800 0.035226 -0.999125 -0.022536 0.350154 -0.008788 0.936651 -0.936030 -0.040886 0.349538 -0.001008
   241 -0.108300 -0.001100 0.007100 -0.068084 -0.010474 -0.997625 0.083021 -0.996536 0.004836 -0.994220 -0.082494 0.068718 0.999640
   242 -0.108300 -0.001100 0.007100 0.083021 -0.996536 0.004836 0.068084 0.010474 0.997625 -0.994220 -0.082494 0.068718 -0.003069
   243 -0.108300 -0.001100 0.007100 -0.068084 -0.010474 -0.997625 0.083021 -0.996536 0.004836 -0.994220 -0.082494 0.068718 0.001127
   311 -0.086100 0.098800 0.009000 -0.033161 0.117079 -0.992569 -0.487346 -0.868941 -0.086227 -0.872580 0.480864 0.085873 1.004494
   312 -0.086100 0.098800 0.009000 -0.487346 -0.868941 -0.086227 0.033161 -0.117079 0.992569 -0.872580 0.480864 0.085873 -0.005172
   313 -0.086100 0.098800 0.009000 -0.033161 0.117079 -0.992569 -0.487346 -0.868941 -0.086227 -0.872580 0.480864 0.085873 0.002524
   321 -0.088700 0.075700 0.041200 -0.347570 0.117242 -0.930296 -0.373738 -0.927255 0.022775 -0.859951 0.355602 0.366103 1.005405
   322 -0.088700 0.075700 0.041200 -0.347570 0.117242 -0.930296 -0.373738 -0.927255 0.022775 -0.859951 0.355602 0.366103 -0.002563
   323 -0.088700 0.075700 0.041200 -0.373738 -0.927255 0.022775 0.347570 -0.117242 0.930296 -0.859951 0.355602 0.366103 -0.002900
   331 -0.070200 0.075800 0.070700 -0.584227 0.224305 -0.779979 -0.394603 -0.918314 0.031429 -0.709216 0.326144 0.625015 1.004336
   332 -0.070200 0.075800 0.070700 -0.394603 -0.918314 0.031429 0.584227 -0.224305 0.779979 -0.709216 0.326144 0.625015 -0.003475
   333 -0.070200 0.075800 0.070700 -0.584227 0.224305 -0.779979 -0.394603 -0.918314 0.031429 -0.709216 0.326144 0.625015 0.007272
   341 -0.100300 0.065900 0.008100 -0.065127 0.024497 -0.997576 -0.290229 -0.956946 -0.004560 -0.954738 0.289229 0.069433 1.001773
   342 -0.100300 0.065900 0.008100 -0.290229 -0.956946 -0.004560 0.065127 -0.024497 0.997576 -0.954738 0.289229 0.069433 -0.003985
   343 -0.100300 0.065900 0.008100 -0.065127 0.024497 -0.997576 -0.290229 -0.956946 -0.004560 -0.954738 0.289229 0.069433 0.000754
   411 -0.080800 0.041300 0.072000 -0.644453 0.049418 -0.763045 -0.133457 -0.989863 0.048588 -0.752909 0.133147 0.644516 1.005257
   412 -0.080800 0.041300 0.072000 -0.133457 -0.989863 0.048588 0.644453 -0.049418 0.763045 -0.752909 0.133147 0.644516 -0.005851
   413 -0.080800 0.041300 0.072000 -0.644453 0.049418 -0.763045 -0.133457 -0.989863 0.048588 -0.752909 0.133147 0.644516 0.003875
   421 -0.052600 0.040600 0.095200 -0.873884 -0.020043 -0.485722 -0.058896 -0.987430 0.146676 -0.482556 0.156785 0.861718 1.000718
   422 -0.052600 0.040600 0.095200 -0.873884 -0.020043 -0.485722 -0.058896 -0.987430 0.146676 -0.482556 0.156785 0.861718 0.000519
   423 -0.052600 0.040600 0.095200 -0.058896 -0.987430 0.146676 0.873884 0.020043 0.485722 -0.482556 0.156785 0.861718 -0.003252
   431 -0.053700 0.005900 0.096900 -0.870672 -0.017817 -0.491541 0.026735 -0.999579 -0.011288 -0.491133 -0.022970 0.870781 0.998854
   432 -0.053700 0.005900 0.096900 -0.870672 -0.017817 -0.491541 0.026735 -0.999579 -0.011288 -0.491133 -0.022970 0.870781 0.010062
   433 -0.053700 0.005900 0.096900 0.026735 -0.999579 -0.011288 0.870672 0.017817 0.491541 -0.491133 -0.022970 0.870781 -0.000827
   441 -0.082900 0.006200 0.072800 -0.639159 0.002700 -0.769070 0.039837 -0.998537 -0.036575 -0.768043 -0.054015 0.638116 1.001019
   442 -0.082900 0.006200 0.072800 0.039837 -0.998537 -0.036575 0.639159 -0.002700 0.769070 -0.768043 -0.054015 0.638116 -0.005436
   443 -0.082900 0.006200 0.072800 -0.639159 0.002700 -0.769070 0.039837 -0.998537 -0.036575 -0.768043 -0.054015 0.638116 0.002478
   511 -0.063700 0.125400 0.013600 0.012272 0.225865 -0.974081 -0.794997 -0.588650 -0.146528 -0.606488 0.776190 0.172337 1.010062
   512 -0.063700 0.125400 0.013600 -0.794997 -0.588650 -0.146528 -0.012272 -0.225865 0.974081 -0.606488 0.776190 0.172337 -0.000691
   513 -0.063700 0.125400 0.013600 0.012272 0.225865 -0.974081 -0.794997 -0.588650 -0.146528 -0.606488 0.776190 0.172337 0.001399
   521 -0.033200 0.139700 0.017400 0.007432 0.229159 -0.973361 -0.960849 -0.267977 -0.070412 -0.276974 0.935776 0.218196 1.004853
   522 -0.033200 0.139700 0.017400 -0.960849 -0.267977 -0.070412 -0.007432 -0.229159 0.973361 -0.276974 0.935776 0.218196 -0.000920
   523 -0.033200 0.139700 0.017400 0.007432 0.229159 -0.973361 -0.960849 -0.267977 -0.070412 -0.276974 0.935776 0.218196 0.001618
   531 -0.033700 0.127400 0.048500 -0.049647 0.461565 -0.885716 -0.964376 -0.252849 -0.077757 -0.259843 0.850303 0.457676 0.995206
   532 -0.033700 0.127400 0.048500 -0.049647 0.461565 -0.885716 -0.964376 -0.252849 -0.077757 -0.259843 0.850303 0.457676 -0.004568
   533 -0.033700 0.127400 0.048500 -0.964376 -0.252849 -0.077757 0.049647 -0.461565 0.885716 -0.259843 0.850303 0.457676 -0.000207
   541 -0.067200 0.108900 0.044300 -0.168867 0.375680 -0.911235 -0.711452 -0.686308 -0.151053 -0.682135 0.622792 0.383173 1.003840
   542 -0.067200 0.108900 0.044300 -0.168867 0.375680 -0.911235 -0.711452 -0.686308 -0.151053 -0.682135 0.622792 0.383173 -0.003148
   543 -0.067200 0.108900 0.044300 -0.711452 -0.686308 -0.151053 0.168867 -0.375680 0.911235 -0.682135 0.622792 0.383173 -0.003395
   611 -0.035800 0.104800 0.075000 -0.007031 0.765718 -0.643138 -0.955711 -0.194362 -0.220999 -0.294224 0.613099 0.733172 1.001639
   612 -0.035800 0.104800 0.075000 -0.955711 -0.194362 -0.220999 0.007031 -0.765718 0.643138 -0.294224 0.613099 0.733172 -0.002946
   613 -0.035800 0.104800 0.075000 -0.007031 0.765718 -0.643138 -0.955711 -0.194362 -0.220999 -0.294224 0.613099 0.733172 0.015739
   621 0.000100 0.077500 0.096700 0.000199 0.916331 -0.400421 -1.000000 0.000251 -0.000143 -0.000031 0.400421 0.916331 0.998859
   622 0.000100 0.077500 0.096700 0.000199 0.916331 -0.400421 -1.000000 0.000251 -0.000143 -0.000031 0.400421 0.916331 -0.007680
   623 0.000100 0.077500 0.096700 -1.000000 0.000251 -0.000143 -0.000199 -0.916331 0.400421 -0.000031 0.400421 0.916331 0.000733
   631 -0.018400 0.044000 0.106300 0.007342 0.982833 -0.184353 -0.990117 -0.018583 -0.139010 -0.140049 0.183552 0.972982 0.998593
   632 -0.018400 0.044000 0.106300 -0.990117 -0.018583 -0.139010 -0.007342 -0.982833 0.184353 -0.140049 0.183552 0.972982 -0.000859
   633 -0.018400 0.044000 0.106300 0.007342 0.982833 -0.184353 -0.990117 -0.018583 -0.139010 -0.140049 0.183552 0.972982 -0.002583
   641 -0.036800 0.075300 0.092200 -0.025099 0.896473 -0.442387 -0.950857 -0.157993 -0.266288 -0.308614 0.413963 0.856383 1.000000
   642 -0.036800 0.075300 0.092200 -0.025099 0.896473 -0.442387 -0.950857 -0.157993 -0.266288 -0.308614 0.413963 0.856383 -0.004164
   643 -0.036800 0.075300 0.092200 -0.950857 -0.157993 -0.266288 0.025099 -0.896473 0.442387 -0.308614 0.413963 0.856383 0.003425
   711 -0.018500 0.010500 0.109600 -0.990116 -0.012008 -0.139737 0.012742 -0.999908 -0.004621 -0.139668 -0.006356 0.990178 0.993712
   712 -0.018500 0.010500 0.109600 0.012742 -0.999908 -0.004621 0.990116 0.012008 0.139737 -0.139668 -0.006356 0.990178 -0.002594
   713 -0.018500 0.010500 0.109600 -0.990116 -0.012008 -0.139737 0.012742 -0.999908 -0.004621 -0.139668 -0.006356 0.990178 -0.002052
   721 0.018600 0.010500 0.109600 0.987762 -0.007440 -0.155792 0.002048 0.999397 -0.034672 0.155956 0.033929 0.987181 0.992245
   722 0.018600 0.010500 0.109600 0.002048 0.999397 -0.034672 -0.987762 0.007440 0.155792 0.155956 0.033929 0.987181 -0.001046
   723 0.018600 0.010500 0.109600 0.987762 -0.007440 -0.155792 0.002048 0.999397 -0.034672 0.155956 0.033929 0.987181 0.003010
   731 0.018600 -0.023300 0.105900 -0.037207 -0.969323 -0.242958 0.988569 -0.000172 -0.150768 0.146101 -0.245791 0.958249 0.997904
   732 0.018600 -0.023300 0.105900 0.988569 -0.000172 -0.150768 0.037207 0.969323 0.242958 0.146101 -0.245791 0.958249 -0.001478
   733 0.018600 -0.023300 0.105900 -0.037207 -0.969323 -0.242958 0.988569 -0.000172 -0.150768 0.146101 -0.245791 0.958249 0.000765
   741 -0.018500 -0.023700 0.105800 0.039020 -0.970576 -0.237611 0.993193 0.011474 0.115912 -0.109776 -0.240517 0.964417 0.997931
   742 -0.018500 -0.023700 0.105800 0.993193 0.011474 0.115912 -0.039020 0.970576 0.237611 -0.109776 -0.240517 0.964417 -0.001148
   743 -0.018500 -0.023700 0.105800 0.039020 -0.970576 -0.237611 0.993193 0.011474 0.115912 -0.109776 -0.240517 0.964417 0.000769
   811 0.000100 0.144500 0.018700 -0.000305 0.252098 -0.967702 -0.999933 -0.011252 -0.002579 -0.011538 0.967636 0.252085 1.000578
   812 0.000100 0.144500 0.018700 -0.999933 -0.011252 -0.002579 0.000305 -0.252098 0.967702 -0.011538 0.967636 0.252085 -0.003079
   813 0.000100 0.144500 0.018700 -0.000305 0.252098 -0.967702 -0.999933 -0.011252 -0.002579 -0.011538 0.967636 0.252085 0.001099
   821 0.000100 0.131600 0.050000 0.000698 0.495137 -0.868814 -1.000000 0.000364 -0.000507 0.000065 0.868815 0.495137 0.995719
   822 0.000100 0.131600 0.050000 0.000698 0.495137 -0.868814 -1.000000 0.000364 -0.000507 0.000065 0.868815 0.495137 -0.004944
   823 0.000100 0.131600 0.050000 -1.000000 0.000364 -0.000507 -0.000698 -0.495137 0.868814 0.000065 0.868815 0.495137 -0.000271
   911 0.033100 0.139700 0.017300 -0.004298 0.240088 -0.970742 -0.965363 0.252248 0.066677 0.260877 0.937404 0.230688 1.000108
   912 0.033100 0.139700 0.017300 -0.965363 0.252248 0.066677 0.004298 -0.240088 0.970742 0.260877 0.937404 0.230688 -0.002427
   913 0.033100 0.139700 0.017300 -0.004298 0.240088 -0.970742 -0.965363 0.252248 0.066677 0.260877 0.937404 0.230688 0.001687
   921 0.063800 0.125300 0.013500 -0.022373 0.217448 -0.975815 -0.789526 0.594918 0.150739 0.613307 0.773804 0.158370 1.003062
   922 0.063800 0.125300 0.013500 -0.789526 0.594918 0.150739 0.022373 -0.217448 0.975815 0.613307 0.773804 0.158370 -0.001236
   923 0.063800 0.125300 0.013500 -0.022373 0.217448 -0.975815 -0.789526 0.594918 0.150739 0.613307 0.773804 0.158370 0.001454
   931 0.067100 0.108800 0.044400 0.178059 0.379831 -0.907757 -0.713236 0.685368 0.146850 0.677927 0.621297 0.392945 1.000934
   932 0.067100 0.108800 0.044400 0.178059 0.379831 -0.907757 -0.713236 0.685368 0.146850 0.677927 0.621297 0.392945 -0.000954
   933 0.067100 0.108800 0.044400 -0.713236 0.685368 0.146850 -0.178059 -0.379831 0.907757 0.677927 0.621297 0.392945 0.001155
   941 0.033800 0.127300 0.048600 0.054509 0.465441 -0.883399 -0.962913 0.258623 0.076894 0.264258 0.846444 0.462277 0.994009
   942 0.033800 0.127300 0.048600 0.054509 0.465441 -0.883399 -0.962913 0.258623 0.076894 0.264258 0.846444 0.462277 -0.005811
   943 0.033800 0.127300 0.048600 -0.962913 0.258623 0.076894 -0.054509 -0.465441 0.883399 0.264258 0.846444 0.462277 -0.000432
  1011 0.000100 0.109300 0.077100 0.001052 0.754738 -0.656026 -0.999776 -0.013103 -0.016592 -0.021120 0.655897 0.754555 0.999929
  1012 0.000100 0.109300 0.077100 -0.999776 -0.013103 -0.016592 -0.001052 -0.754738 0.656026 -0.021120 0.655897 0.754555 -0.002301
  1013 0.000100 0.109300 0.077100 0.001052 0.754738 -0.656026 -0.999776 -0.013103 -0.016592 -0.021120 0.655897 0.754555 -0.000740
  1021 0.035800 0.104800 0.075000 0.006077 0.766571 -0.642131 -0.962933 0.177676 0.202954 0.269670 0.617096 0.739237 1.002421
  1022 0.035800 0.104800 0.075000 -0.962933 0.177676 0.202954 -0.006077 -0.766571 0.642131 0.269670 0.617096 0.739237 -0.003082
  1023 0.035800 0.104800 0.075000 0.006077 0.766571 -0.642131 -0.962933 0.177676 0.202954 0.269670 0.617096 0.739237 0.000699
  1031 0.036800 0.075200 0.092300 0.028216 0.894707 -0.445761 -0.951289 0.160980 0.262934 0.307007 0.416629 0.855668 0.998908
  1032 0.036800 0.075200 0.092300 0.028216 0.894707 -0.445761 -0.951289 0.160980 0.262934 0.307007 0.416629 0.855668 -0.001095
  1033 0.036800 0.075200 0.092300 -0.951289 0.160980 0.262934 -0.028216 -0.894707 0.445761 0.307007 0.416629 0.855668 0.001833
  1041 0.018400 0.044200 0.106200 -0.013348 0.980263 -0.197248 -0.993173 0.009867 0.116232 0.115885 0.197453 0.973439 0.998343
  1042 0.018400 0.044200 0.106200 -0.993173 0.009867 0.116232 0.013348 -0.980263 0.197248 0.115885 0.197453 0.973439 -0.001923
  1043 0.018400 0.044200 0.106200 -0.013348 0.980263 -0.197248 -0.993173 0.009867 0.116232 0.115885 0.197453 0.973439 -0.001542
  1111 0.052500 0.040600 0.095300 0.875124 -0.017801 -0.483572 -0.055290 0.989096 -0.136498 0.480728 0.146189 0.864598 0.997403
  1112 0.052500 0.040600 0.095300 0.875124 -0.017801 -0.483572 -0.055290 0.989096 -0.136498 0.480728 0.146189 0.864598 -0.002251
  1113 0.052500 0.040600 0.095300 -0.055290 0.989096 -0.136498 -0.875124 0.017801 0.483572 0.480728 0.146189 0.864598 0.000053
  1121 0.080900 0.041300 0.072100 0.639766 0.051105 -0.766869 -0.170817 0.982285 -0.077057 0.749346 0.180293 0.637162 1.003159
  1122 0.080900 0.041300 0.072100 -0.170817 0.982285 -0.077057 -0.639766 -0.051105 0.766869 0.749346 0.180293 0.637162 -0.004179
  1123 0.080900 0.041300 0.072100 0.639766 0.051105 -0.766869 -0.170817 0.982285 -0.077057 0.749346 0.180293 0.637162 -0.000407
  1131 0.082800 0.006100 0.072800 0.640530 0.000698 -0.767933 0.011990 0.999868 0.010947 0.767839 -0.016219 0.640437 1.000721
  1132 0.082800 0.006100 0.072800 0.011990 0.999868 0.010947 -0.640530 -0.000698 0.767933 0.767839 -0.016219 0.640437 -0.006190
  1133 0.082800 0.006100 0.072800 0.640530 0.000698 -0.767933 0.011990 0.999868 0.010947 0.767839 -0.016219 0.640437 0.000605
  1141 0.053500 0.006200 0.097000 0.868252 -0.018116 -0.495793 0.032302 0.999277 0.020062 0.495071 -0.033434 0.868209 0.990548
  1142 0.053500 0.006200 0.097000 0.868252 -0.018116 -0.495793 0.032302 0.999277 0.020062 0.495071 -0.033434 0.868209 -0.002163
  1143 0.053500 0.006200 0.097000 0.032302 0.999277 0.020062 -0.868252 0.018116 0.495793 0.495071 -0.033434 0.868209 0.002616
  1211 0.086200 0.098600 0.008900 0.046532 0.120190 -0.991660 -0.506823 0.858308 0.080234 0.860793 0.498863 0.100854 1.014471
  1212 0.086200 0.098600 0.008900 -0.506823 0.858308 0.080234 -0.046532 -0.120190 0.991660 0.860793 0.498863 0.100854 -0.004001
  1213 0.086200 0.098600 0.008900 0.046532 0.120190 -0.991660 -0.506823 0.858308 0.080234 0.860793 0.498863 0.100854 -0.000245
  1221 0.100300 0.066000 0.008200 0.061320 0.025541 -0.997791 -0.326456 0.945203 0.004194 0.943222 0.325478 0.066298 1.000054
  1222 0.100300 0.066000 0.008200 -0.326456 0.945203 0.004194 -0.061320 -0.025541 0.997791 0.943222 0.325478 0.066298 -0.005073
  1223 0.100300 0.066000 0.008200 0.061320 0.025541 -0.997791 -0.326456 0.945203 0.004194 0.943222 0.325478 0.066298 0.000251
  1231 0.088700 0.075700 0.041200 0.347107 0.117078 -0.930489 -0.370895 0.928424 -0.021569 0.861363 0.352601 0.365686 1.008901
  1232 0.088700 0.075700 0.041200 0.347107 0.117078 -0.930489 -0.370895 0.928424 -0.021569 0.861363 0.352601 0.365686 -0.001358
  1233 0.088700 0.075700 0.041200 -0.370895 0.928424 -0.021569 -0.347107 -0.117078 0.930489 0.861363 0.352601 0.365686 0.001170
  1241 0.069900 0.075800 0.070900 0.617616 0.240912 -0.748673 -0.428169 0.901496 -0.063055 0.659735 0.359502 0.659930 1.007964
  1242 0.069900 0.075800 0.070900 -0.428169 0.901496 -0.063055 -0.617616 -0.240912 0.748673 0.659735 0.359502 0.659930 -0.002505
  1243 0.069900 0.075800 0.070900 0.617616 0.240912 -0.748673 -0.428169 0.901496 -0.063055 0.659735 0.359502 0.659930 0.001490
  1311 0.098900 0.040400 0.041300 0.336120 0.059457 -0.939941 -0.167854 0.985809 0.002270 0.926737 0.157009 0.341330 1.008486
  1312 0.098900 0.040400 0.041300 0.336120 0.059457 -0.939941 -0.167854 0.985809 0.002270 0.926737 0.157009 0.341330 -0.006406
  1313 0.098900 0.040400 0.041300 -0.167854 0.985809 0.002270 -0.336120 -0.059457 0.939941 0.926737 0.157009 0.341330 0.000241
  1321 0.107400 0.032900 0.008100 0.062268 0.011355 -0.997995 -0.138230 0.990397 0.002647 0.988441 0.137788 0.063239 0.998703
  1322 0.107400 0.032900 0.008100 -0.138230 0.990397 0.002647 -0.062268 -0.011355 0.997995 0.988441 0.137788 0.063239 -0.005029
  1323 0.107400 0.032900 0.008100 0.062268 0.011355 -0.997995 -0.138230 0.990397 0.002647 0.988441 0.137788 0.063239 0.000310
  1331 0.108300 -0.001100 0.006800 0.043785 -0.001928 -0.999039 0.044287 0.999019 0.000049 0.998059 -0.044247 0.043828 1.000482
  1332 0.108300 -0.001100 0.006800 0.044287 0.999019 0.000049 -0.043785 0.001928 0.999039 0.998059 -0.044247 0.043828 -0.003467
  1333 0.108300 -0.001100 0.006800 0.043785 -0.001928 -0.999039 0.044287 0.999019 0.000049 0.998059 -0.044247 0.043828 0.000528
  1341 0.101000 0.004400 0.041000 0.347323 0.008077 -0.937711 0.041769 0.998838 0.024033 0.936815 -0.047514 0.346583 1.004511
  1342 0.101000 0.004400 0.041000 0.347323 0.008077 -0.937711 0.041769 0.998838 0.024033 0.936815 -0.047514 0.346583 -0.005767
  1343 0.101000 0.004400 0.041000 0.041769 0.998838 0.024033 -0.347323 -0.008077 0.937711 0.936815 -0.047514 0.346583 -0.001074
  1411 0.102000 0.063000 -0.026000 -0.014300 0.003500 -0.999892 -0.281114 0.959646 0.007400 0.959568 0.281189 -0.012739 1.000000
  1412 0.102000 0.063000 -0.026000 -0.014300 0.003500 -0.999892 -0.281114 0.959646 0.007400 0.959568 0.281189 -0.012739 -0.002199
  1413 0.102000 0.063000 -0.026000 -0.281114 0.959646 0.007400 0.014300 -0.003500 0.999892 0.959568 0.281189 -0.012739 0.002908
  1421 0.106500 0.046900 -0.060000 0.012054 0.008310 -0.999893 -0.178344 0.983950 0.006018 0.983894 0.178253 0.013343 1.000410
  1422 0.106500 0.046900 -0.060000 -0.178344 0.983950 0.006018 -0.012054 -0.008310 0.999893 0.983894 0.178253 0.013343 -0.006400
  1423 0.106500 0.046900 -0.060000 0.012054 0.008310 -0.999893 -0.178344 0.983950 0.006018 0.983894 0.178253 0.013343 -0.000315
  1431 0.109800 0.013100 -0.062200 0.029388 0.004488 -0.999558 0.002256 0.999987 0.004515 0.999566 -0.002388 0.029378 0.991191
  1432 0.109800 0.013100 -0.062200 0.002256 0.999987 0.004515 -0.029388 -0.004488 0.999558 0.999566 -0.002388 0.029378 -0.005627
  1433 0.109800 0.013100 -0.062200 0.029388 0.004488 -0.999558 0.002256 0.999987 0.004515 0.999566 -0.002388 0.029378 -0.000577
  1441 0.108300 0.030100 -0.026200 -0.019870 0.003043 -0.999798 -0.114958 0.993356 0.005378 0.993171 0.115042 -0.019388 0.997511
  1442 0.108300 0.030100 -0.026200 -0.019870 0.003043 -0.999798 -0.114958 0.993356 0.005378 0.993171 0.115042 -0.019388 -0.000913
  1443 0.108300 0.030100 -0.026200 -0.114958 0.993356 0.005378 0.019870 -0.003043 0.999798 0.993171 0.115042 -0.019388 0.003144
  1511 -0.108800 -0.003200 -0.028400 0.021673 0.000886 -0.999765 0.079896 -0.996803 0.000791 -0.996568 -0.079894 -0.021675 1.007960
  1512 -0.108800 -0.003200 -0.028400 0.021673 0.000886 -0.999765 0.079896 -0.996803 0.000791 -0.996568 -0.079894 -0.021675 -0.003695
  1513 -0.108800 -0.003200 -0.028400 0.079896 -0.996803 0.000791 -0.021673 -0.000886 0.999765 -0.996568 -0.079894 -0.021675 0.000756
  1521 -0.101700 -0.036000 -0.028100 0.025288 0.001739 -0.999679 0.357965 -0.933705 0.007473 -0.933392 -0.358038 -0.024234 1.000329
  1522 -0.101700 -0.036000 -0.028100 0.025288 0.001739 -0.999679 0.357965 -0.933705 0.007473 -0.933392 -0.358038 -0.024234 -0.004133
  1523 -0.101700 -0.036000 -0.028100 0.357965 -0.933705 0.007473 -0.025288 -0.001739 0.999679 -0.933392 -0.358038 -0.024234 0.000360
  1531 -0.095100 -0.052400 -0.062300 -0.012641 0.001607 -0.999919 0.448538 -0.893736 -0.007079 -0.893674 -0.448591 0.010577 1.007053
  1532 -0.095100 -0.052400 -0.062300 0.448538 -0.893736 -0.007079 0.012641 -0.001607 0.999919 -0.893674 -0.448591 0.010577 -0.001463
  1533 -0.095100 -0.052400 -0.062300 -0.012641 0.001607 -0.999919 0.448538 -0.893736 -0.007079 -0.893674 -0.448591 0.010577 0.002007
  1541 -0.106800 -0.020500 -0.062500 -0.021382 0.000204 -0.999771 0.194854 -0.980822 -0.004380 -0.980599 -0.194905 0.020933 0.988431
  1542 -0.106800 -0.020500 -0.062500 0.194854 -0.980822 -0.004380 0.021382 -0.000204 0.999771 -0.980599 -0.194905 0.020933 -0.003038
  1543 -0.106800 -0.020500 -0.062500 -0.021382 0.000204 -0.999771 0.194854 -0.980822 -0.004380 -0.980599 -0.194905 0.020933 -0.000940
  1611 -0.101700 -0.033900 0.005600 -0.070427 -0.032337 -0.996993 0.344289 -0.938843 0.006183 -0.936220 -0.342818 0.077253 0.998719
  1612 -0.101700 -0.033900 0.005600 0.344289 -0.938843 0.006183 0.070427 0.032337 0.996993 -0.936220 -0.342818 0.077253 -0.001498
  1613 -0.101700 -0.033900 0.005600 -0.070427 -0.032337 -0.996993 0.344289 -0.938843 0.006183 -0.936220 -0.342818 0.077253 0.001472
  1621 -0.095200 -0.030800 0.039100 -0.326913 -0.058964 -0.943213 0.315015 -0.947777 -0.049844 -0.891017 -0.313421 0.328415 1.002326
  1622 -0.095200 -0.030800 0.039100 -0.326913 -0.058964 -0.943213 0.315015 -0.947777 -0.049844 -0.891017 -0.313421 0.328415 -0.002041
  1623 -0.095200 -0.030800 0.039100 0.315015 -0.947777 -0.049844 0.326913 0.058964 0.943213 -0.891017 -0.313421 0.328415 -0.000252
  1631 -0.078100 -0.062800 0.039400 -0.262541 -0.201952 -0.943551 0.600753 -0.799425 0.003915 -0.755089 -0.565813 0.331205 1.007303
  1632 -0.078100 -0.062800 0.039400 -0.262541 -0.201952 -0.943551 0.600753 -0.799425 0.003915 -0.755089 -0.565813 0.331205 -0.002905
  1633 -0.078100 -0.062800 0.039400 0.600753 -0.799425 0.003915 0.262541 0.201952 0.943551 -0.755089 -0.565813 0.331205 0.000102
  1641 -0.086600 -0.064000 0.005500 -0.061087 -0.048668 -0.996945 0.570295 -0.821424 0.005102 -0.819164 -0.568241 0.077933 1.000831
  1642 -0.086600 -0.064000 0.005500 0.570295 -0.821424 0.005102 0.061087 0.048668 0.996945 -0.819164 -0.568241 0.077933 -0.002340
  1643 -0.086600 -0.064000 0.005500 -0.061087 -0.048668 -0.996945 0.570295 -0.821424 0.005102 -0.819164 -0.568241 0.077933 0.001869
  1711 -0.075800 -0.079700 -0.062100 -0.000203 -0.015487 -0.999880 0.676581 -0.736283 0.011223 -0.736368 -0.676497 0.010628 1.019104
  1712 -0.075800 -0.079700 -0.062100 0.676581 -0.736283 0.011223 0.000203 0.015487 0.999880 -0.736368 -0.676497 0.010628 -0.002281
  1713 -0.075800 -0.079700 -0.062100 -0.000203 -0.015487 -0.999880 0.676581 -0.736283 0.011223 -0.736368 -0.676497 0.010628 0.002961
  1721 -0.086100 -0.066000 -0.028200 0.018232 0.006163 -0.999815 0.584996 -0.811016 0.005664 -0.810831 -0.584991 -0.018391 1.011169
  1722 -0.086100 -0.066000 -0.028200 0.018232 0.006163 -0.999815 0.584996 -0.811016 0.005664 -0.810831 -0.584991 -0.018391 -0.001466
  1723 -0.086100 -0.066000 -0.028200 0.584996 -0.811016 0.005664 -0.018232 -0.006163 0.999815 -0.810831 -0.584991 -0.018391 0.001007
  1731 -0.063200 -0.090500 -0.027800 0.025145 0.036146 -0.999030 0.813273 -0.581881 -0.000532 -0.581336 -0.812472 -0.044028 0.999745
  1732 -0.063200 -0.090500 -0.027800 0.025145 0.036146 -0.999030 0.813273 -0.581881 -0.000532 -0.581336 -0.812472 -0.044028 0.000543
  1733 -0.063200 -0.090500 -0.027800 0.813273 -0.581881 -0.000532 -0.025145 -0.036146 0.999030 -0.581336 -0.812472 -0.044028 -0.000274
  1741 -0.048900 -0.099400 -0.062100 -0.010463 -0.012759 -0.999864 0.896421 -0.443187 -0.003717 -0.443079 -0.896339 0.016075 1.032348
  1742 -0.048900 -0.099400 -0.062100 0.896421 -0.443187 -0.003717 0.010463 0.012759 0.999864 -0.443079 -0.896339 0.016075 -0.001779
  1743 -0.048900 -0.099400 -0.062100 -0.010463 -0.012759 -0.999864 0.896421 -0.443187 -0.003717 -0.443079 -0.896339 0.016075 0.003133
  1811 -0.078600 -0.028700 0.069600 -0.616631 -0.040567 -0.786206 0.247898 -0.957871 -0.145016 -0.747201 -0.284321 0.600710 1.001687
  1812 -0.078600 -0.028700 0.069600 0.247898 -0.957871 -0.145016 0.616631 0.040567 0.786206 -0.747201 -0.284321 0.600710 -0.003733
  1813 -0.078600 -0.028700 0.069600 -0.616631 -0.040567 -0.786206 0.247898 -0.957871 -0.145016 -0.747201 -0.284321 0.600710 0.004149
  1821 -0.051800 -0.027700 0.092700 -0.861543 0.024044 -0.507114 0.108625 -0.966972 -0.230578 -0.495909 -0.253739 0.830476 0.999370
  1822 -0.051800 -0.027700 0.092700 -0.861543 0.024044 -0.507114 0.108625 -0.966972 -0.230578 -0.495909 -0.253739 0.830476 0.009652
  1823 -0.051800 -0.027700 0.092700 0.108625 -0.966972 -0.230578 0.861543 -0.024044 0.507114 -0.495909 -0.253739 0.830476 -0.000846
  1831 -0.018100 -0.054200 0.092300 0.069874 -0.844383 -0.531163 0.989087 -0.010562 0.146955 -0.129697 -0.535635 0.834430 1.001320
  1832 -0.018100 -0.054200 0.092300 0.069874 -0.844383 -0.531163 0.989087 -0.010562 0.146955 -0.129697 -0.535635 0.834430 -0.001422
  1833 -0.018100 -0.054200 0.092300 0.989087 -0.010562 0.146955 -0.069874 0.844383 0.531163 -0.129697 -0.535635 0.834430 -0.000125
  1841 -0.055200 -0.062700 0.070700 -0.384225 -0.500196 -0.776000 0.776369 -0.629908 0.021632 -0.499629 -0.594150 0.630362 1.014727
  1842 -0.055200 -0.062700 0.070700 0.776369 -0.629908 0.021632 0.384225 0.500196 0.776000 -0.499629 -0.594150 0.630362 -0.003445
  1843 -0.055200 -0.062700 0.070700 -0.384225 -0.500196 -0.776000 0.776369 -0.629908 0.021632 -0.499629 -0.594150 0.630362 0.002387
  1911 -0.051300 -0.086100 0.039700 -0.154443 -0.301097 -0.941004 0.880090 -0.474747 0.007497 -0.448996 -0.827010 0.338315 1.002058
  1912 -0.051300 -0.086100 0.039700 -0.154443 -0.301097 -0.941004 0.880090 -0.474747 0.007497 -0.448996 -0.827010 0.338315 -0.003807
  1913 -0.051300 -0.086100 0.039700 0.880090 -0.474747 0.007497 0.154443 0.301097 0.941004 -0.448996 -0.827010 0.338315 -0.001299
  1921 -0.033500 -0.103300 0.006200 -0.044700 -0.142400 -0.988799 0.959293 -0.282398 -0.002700 -0.278850 -0.948670 0.149226 1.000000
  1922 -0.033500 -0.103300 0.006200 0.959293 -0.282398 -0.002700 0.044700 0.142400 0.988799 -0.278850 -0.948670 0.149226 -0.003056
  1923 -0.033500 -0.103300 0.006200 -0.044700 -0.142400 -0.988799 0.959293 -0.282398 -0.002700 -0.278850 -0.948670 0.149226 0.001570
  1931 -0.033100 -0.105100 -0.027800 0.007557 0.021325 -0.999744 0.954184 -0.299220 0.000826 -0.299126 -0.953946 -0.022608 0.992197
  1932 -0.033100 -0.105100 -0.027800 0.007557 0.021325 -0.999744 0.954184 -0.299220 0.000826 -0.299126 -0.953946 -0.022608 -0.001815
  1933 -0.033100 -0.105100 -0.027800 0.954184 -0.299220 0.000826 -0.007557 -0.021325 0.999744 -0.299126 -0.953946 -0.022608 -0.002747
  1941 -0.063600 -0.088400 0.006000 -0.065760 -0.088290 -0.993922 0.809229 -0.587492 -0.001308 -0.583806 -0.804396 0.110080 0.997301
  1942 -0.063600 -0.088400 0.006000 0.809229 -0.587492 -0.001308 0.065760 0.088290 0.993922 -0.583806 -0.804396 0.110080 -0.003118
  1943 -0.063600 -0.088400 0.006000 -0.065760 -0.088290 -0.993922 0.809229 -0.587492 -0.001308 -0.583806 -0.804396 0.110080 0.002281
  2011 -0.018600 -0.080100 0.069000 -0.001587 -0.624147 -0.781305 0.992778 -0.094715 0.073633 -0.119959 -0.775546 0.619789 1.002391
  2012 -0.018600 -0.080100 0.069000 0.992778 -0.094715 0.073633 0.001587 0.624147 0.781305 -0.119959 -0.775546 0.619789 -0.001564
  2013 -0.018600 -0.080100 0.069000 -0.001587 -0.624147 -0.781305 0.992778 -0.094715 0.073633 -0.119959 -0.775546 0.619789 0.001114
  2021 0.018600 -0.080200 0.068900 0.000721 -0.622455 -0.782655 0.986358 0.129292 -0.101887 0.164612 -0.771905 0.614056 0.999317
  2022 0.018600 -0.080200 0.068900 0.986358 0.129292 -0.101887 -0.000721 0.622455 0.782655 0.164612 -0.771905 0.614056 -0.004899
  2023 0.018600 -0.080200 0.068900 0.000721 -0.622455 -0.782655 0.986358 0.129292 -0.101887 0.164612 -0.771905 0.614056 -0.000289
  2031 0.016900 -0.097200 0.039700 -0.000264 -0.373122 -0.927782 0.989536 0.133772 -0.054074 0.144288 -0.918088 0.369182 1.003089
  2032 0.016900 -0.097200 0.039700 -0.000264 -0.373122 -0.927782 0.989536 0.133772 -0.054074 0.144288 -0.918088 0.369182 -0.000927
  2033 0.016900 -0.097200 0.039700 0.989536 0.133772 -0.054074 0.000264 0.373122 0.927782 0.144288 -0.918088 0.369182 -0.001904
  2041 -0.017000 -0.097200 0.039700 -0.000683 -0.375001 -0.927024 0.990277 -0.129188 0.051587 -0.139106 -0.917976 0.371443 1.005525
  2042 -0.017000 -0.097200 0.039700 -0.000683 -0.375001 -0.927024 0.990277 -0.129188 0.051587 -0.139106 -0.917976 0.371443 -0.002839
  2043 -0.017000 -0.097200 0.039700 0.990277 -0.129188 0.051587 0.000683 0.375001 0.927024 -0.139106 -0.917976 0.371443 -0.001509
  2111 0.000000 -0.108600 0.007000 -0.000190 -0.163355 -0.986567 0.999898 0.014038 -0.002530 0.014263 -0.986468 0.163336 1.002155
  2112 0.000000 -0.108600 0.007000 0.999898 0.014038 -0.002530 0.000190 0.163355 0.986567 0.014263 -0.986468 0.163336 -0.003411
  2113 0.000000 -0.108600 0.007000 -0.000190 -0.163355 -0.986567 0.999898 0.014038 -0.002530 0.014263 -0.986468 0.163336 0.001135
  2121 0.000000 -0.110600 -0.027500 0.000035 0.031550 -0.999502 0.999968 0.007995 0.000303 0.008000 -0.999470 -0.031549 0.991623
  2122 0.000000 -0.110600 -0.027500 0.000035 0.031550 -0.999502 0.999968 0.007995 0.000303 0.008000 -0.999470 -0.031549 0.002720
  2123 0.000000 -0.110600 -0.027500 0.999968 0.007995 0.000303 -0.000035 -0.031550 0.999502 0.008000 -0.999470 -0.031549 -0.001695
  2131 0.017000 -0.109800 -0.061800 0.012182 -0.028153 -0.999529 0.985504 0.169494 0.007300 0.169209 -0.985129 0.029809 0.991798
  2132 0.017000 -0.109800 -0.061800 0.985504 0.169494 0.007300 -0.012182 0.028153 0.999529 0.169209 -0.985129 0.029809 -0.003887
  2133 0.017000 -0.109800 -0.061800 0.012182 -0.028153 -0.999529 0.985504 0.169494 0.007300 0.169209 -0.985129 0.029809 0.001727
  2141 -0.017100 -0.109800 -0.061900 -0.006893 -0.015951 -0.999849 0.983900 -0.178678 -0.003897 -0.178588 -0.983778 0.016925 1.007437
  2142 -0.017100 -0.109800 -0.061900 0.983900 -0.178678 -0.003897 0.006893 0.015951 0.999849 -0.178588 -0.983778 0.016925 -0.005878
  2143 -0.017100 -0.109800 -0.061900 -0.006893 -0.015951 -0.999849 0.983900 -0.178678 -0.003897 -0.178588 -0.983778 0.016925 0.002463
  2211 0.051700 -0.027600 0.092800 0.857735 0.028156 -0.513320 0.109152 0.965759 0.235362 0.502370 -0.257908 0.825292 0.993655
  2212 0.051700 -0.027600 0.092800 0.857735 0.028156 -0.513320 0.109152 0.965759 0.235362 0.502370 -0.257908 0.825292 -0.003784
  2213 0.051700 -0.027600 0.092800 0.109152 0.965759 0.235362 -0.857735 -0.028156 0.513320 0.502370 -0.257908 0.825292 0.000221
  2221 0.078600 -0.028400 0.069800 0.622694 -0.041085 -0.781386 0.221765 0.966933 0.125941 0.750373 -0.251706 0.611215 0.996829
  2222 0.078600 -0.028400 0.069800 0.221765 0.966933 0.125941 -0.622694 0.041085 0.781386 0.750373 -0.251706 0.611215 -0.002205
  2223 0.078600 -0.028400 0.069800 0.622694 -0.041085 -0.781386 0.221765 0.966933 0.125941 0.750373 -0.251706 0.611215 0.001611
  2231 0.055300 -0.062800 0.070600 0.374381 -0.489686 -0.787430 0.757517 0.651270 -0.044896 0.534814 -0.579683 0.614769 1.000165
  2232 0.055300 -0.062800 0.070600 0.757517 0.651270 -0.044896 -0.374381 0.489686 0.787430 0.534814 -0.579683 0.614769 0.006643
  2233 0.055300 -0.062800 0.070600 0.374381 -0.489686 -0.787430 0.757517 0.651270 -0.044896 0.534814 -0.579683 0.614769 -0.000031
  2241 0.018200 -0.054200 0.092200 -0.069557 -0.842709 -0.533857 0.988717 0.012917 -0.149240 0.132662 -0.538215 0.832302 0.986644
  2242 0.018200 -0.054200 0.092200 -0.069557 -0.842709 -0.533857 0.988717 0.012917 -0.149240 0.132662 -0.538215 0.832302 -0.004674
  2243 0.018200 -0.054200 0.092200 0.988717 0.012917 -0.149240 0.069557 0.842709 0.533857 0.132662 -0.538215 0.832302 -0.000700
  2311 0.051300 -0.086100 0.039700 0.150225 -0.297104 -0.942954 0.878837 0.477010 -0.010316 0.452864 -0.827153 0.332765 1.004474
  2312 0.051300 -0.086100 0.039700 0.150225 -0.297104 -0.942954 0.878837 0.477010 -0.010316 0.452864 -0.827153 0.332765 -0.001878
  2313 0.051300 -0.086100 0.039700 0.878837 0.477010 -0.010316 -0.150225 0.297104 0.942954 0.452864 -0.827153 0.332765 0.000490
  2321 0.063700 -0.088400 0.006200 0.056749 -0.071763 -0.995806 0.798868 0.601502 0.002231 0.598819 -0.795645 0.091463 1.005359
  2322 0.063700 -0.088400 0.006200 0.798868 0.601502 0.002231 -0.056749 0.071763 0.995806 0.598819 -0.795645 0.091463 0.006780
  2323 0.063700 -0.088400 0.006200 0.056749 -0.071763 -0.995806 0.798868 0.601502 0.002231 0.598819 -0.795645 0.091463 0.001692
  2331 0.033000 -0.105100 -0.027700 -0.004849 0.023141 -0.999720 0.951268 0.308357 0.002511 0.308328 -0.950989 -0.023509 1.001338
  2332 0.033000 -0.105100 -0.027700 -0.004849 0.023141 -0.999720 0.951268 0.308357 0.002511 0.308328 -0.950989 -0.023509 0.000853
  2333 0.033000 -0.105100 -0.027700 0.951268 0.308357 0.002511 0.004849 -0.023141 0.999720 0.308328 -0.950989 -0.023509 -0.001860
  2341 0.033300 -0.103400 0.006300 0.039860 -0.118320 -0.992175 0.951551 0.307487 0.001563 0.304896 -0.944168 0.124844 1.005981
  2342 0.033300 -0.103400 0.006300 0.951551 0.307487 0.001563 -0.039860 0.118320 0.992175 0.304896 -0.944168 0.124844 0.002121
  2343 0.033300 -0.103400 0.006300 0.039860 -0.118320 -0.992175 0.951551 0.307487 0.001563 0.304896 -0.944168 0.124844 0.001449
  2411 0.095200 -0.030600 0.039200 0.318683 -0.061787 -0.945845 0.308223 0.950396 0.041782 0.896346 -0.304847 0.321919 1.003153
  2412 0.095200 -0.030600 0.039200 0.318683 -0.061787 -0.945845 0.308223 0.950396 0.041782 0.896346 -0.304847 0.321919 0.000095
  2413 0.095200 -0.030600 0.039200 0.308223 0.950396 0.041782 -0.318683 0.061787 0.945845 0.896346 -0.304847 0.321919 0.001869
  2421 0.101700 -0.033800 0.005800 0.059987 -0.026297 -0.997853 0.309475 0.950886 -0.006427 0.949013 -0.308425 0.065178 1.000765
  2422 0.101700 -0.033800 0.005800 0.309475 0.950886 -0.006427 -0.059987 0.026297 0.997853 0.949013 -0.308425 0.065178 -0.003863
  2423 0.101700 -0.033800 0.005800 0.059987 -0.026297 -0.997853 0.309475 0.950886 -0.006427 0.949013 -0.308425 0.065178 0.000547
  2431 0.086600 -0.063900 0.005600 0.060117 -0.044811 -0.997185 0.545527 0.838080 -0.004739 0.835933 -0.543706 0.074828 1.004514
  2432 0.086600 -0.063900 0.005600 0.545527 0.838080 -0.004739 -0.060117 0.044811 0.997185 0.835933 -0.543706 0.074828 -0.015882
  2433 0.086600 -0.063900 0.005600 0.060117 -0.044811 -0.997185 0.545527 0.838080 -0.004739 0.835933 -0.543706 0.074828 0.001294
  2441 0.078100 -0.062900 0.039400 0.256591 -0.201364 -0.945311 0.590224 0.807155 -0.011655 0.765360 -0.554955 0.325959 1.004339
  2442 0.078100 -0.062900 0.039400 0.256591 -0.201364 -0.945311 0.590224 0.807155 -0.011655 0.765360 -0.554955 0.325959 -0.003447
  2443 0.078100 -0.062900 0.039400 0.590224 0.807155 -0.011655 -0.256591 0.201364 0.945311 0.765360 -0.554955 0.325959 -0.009032
  2511 0.063000 -0.090600 -0.027600 -0.026920 0.043553 -0.998688 0.810618 0.585564 0.003636 0.584954 -0.809457 -0.051069 1.005006
  2512 0.063000 -0.090600 -0.027600 -0.026920 0.043553 -0.998688 0.810618 0.585564 0.003636 0.584954 -0.809457 -0.051069 0.000278
  2513 0.063000 -0.090600 -0.027600 0.810618 0.585564 0.003636 0.026920 -0.043553 0.998688 0.584954 -0.809457 -0.051069 0.001521
  2521 0.086100 -0.066100 -0.028000 -0.022128 0.012266 -0.999680 0.556470 0.830865 -0.002154 0.830573 -0.556339 -0.025212 1.005043
  2522 0.086100 -0.066100 -0.028000 -0.022128 0.012266 -0.999680 0.556470 0.830865 -0.002154 0.830573 -0.556339 -0.025212 -0.002055
  2523 0.086100 -0.066100 -0.028000 0.556470 0.830865 -0.002154 0.022128 -0.012266 0.999680 0.830573 -0.556339 -0.025212 0.003480
  2531 0.075700 -0.079800 -0.062000 0.027083 -0.013159 -0.999547 0.693183 0.720701 0.009366 0.720251 -0.693122 0.028640 0.988672
  2532 0.075700 -0.079800 -0.062000 0.693183 0.720701 0.009366 -0.027083 0.013159 0.999547 0.720251 -0.693122 0.028640 0.015677
  2533 0.075700 -0.079800 -0.062000 0.027083 -0.013159 -0.999547 0.693183 0.720701 0.009366 0.720251 -0.693122 0.028640 0.000639
  2541 0.048800 -0.099400 -0.062100 0.015394 -0.016665 -0.999743 0.917339 0.398035 0.007564 0.397808 -0.917219 0.021415 0.985460
  2542 0.048800 -0.099400 -0.062100 0.917339 0.398035 0.007564 -0.015394 0.016665 0.999743 0.397808 -0.917219 0.021415 0.000231
  2543 0.048800 -0.099400 -0.062100 0.015394 -0.016665 -0.999743 0.917339 0.398035 0.007564 0.397808 -0.917219 0.021415 0.000459
  2611 0.108700 -0.003300 -0.028000 -0.031172 0.004061 -0.999506 0.042741 0.999083 0.002698 0.998600 -0.042636 -0.031317 0.990227
  2612 0.108700 -0.003300 -0.028000 -0.031172 0.004061 -0.999506 0.042741 0.999083 0.002698 0.998600 -0.042636 -0.031317 -0.000925
  2613 0.108700 -0.003300 -0.028000 0.042741 0.999083 0.002698 0.031172 -0.004061 0.999506 0.998600 -0.042636 -0.031317 0.001357
  2621 0.106800 -0.020600 -0.062100 0.029309 0.000818 -0.999570 0.227018 0.973862 0.007433 0.973450 -0.227139 0.028357 0.980734
  2622 0.106800 -0.020600 -0.062100 0.227018 0.973862 0.007433 -0.029309 -0.000818 0.999570 0.973450 -0.227139 0.028357 -0.007645
  2623 0.106800 -0.020600 -0.062100 0.029309 0.000818 -0.999570 0.227018 0.973862 0.007433 0.973450 -0.227139 0.028357 -0.001225
  2631 0.095100 -0.052400 -0.062000 0.029159 -0.004306 -0.999566 0.479958 0.877233 0.010176 0.876808 -0.480046 0.027645 0.989492
  2632 0.095100 -0.052400 -0.062000 0.479958 0.877233 0.010176 -0.029159 0.004306 0.999566 0.876808 -0.480046 0.027645 -0.009209
  2633 0.095100 -0.052400 -0.062000 0.029159 -0.004306 -0.999566 0.479958 0.877233 0.010176 0.876808 -0.480046 0.027645 0.000268
  2641 0.101700 -0.036100 -0.027800 -0.029023 0.005816 -0.999562 0.324940 0.945726 -0.003953 0.945289 -0.324912 -0.029338 0.997930
  2642 0.101700 -0.036100 -0.027800 -0.029038 0.005773 -0.999562 0.324939 0.945727 -0.003998 0.945289 -0.324912 -0.029338 -0.000679
  2643 0.101700 -0.036100 -0.027800 0.324939 0.945727 -0.003998 0.029038 -0.005773 0.999562 0.945289 -0.324912 -0.029338 0.000195
